# Created by Octave 4.4.0, Thu Jun 07 21:03:17 2018 GMT <unknown@LAPTOP-7UN1LJ1P>
# name: J_history
# type: matrix
# rows: 200
# columns: 1
 0.4053000000000001
 0.32961159333333306
 0.26911665513703698
 0.22076386170373022
 0.18211469236946368
 0.15122035913084367
 0.12652345271764034
 0.10677934126883422
 0.090993354659758746
 0.078370584218466613
 0.068275764259074667
 0.060201210681902026
 0.053741198524588737
 0.048571485317609228
 0.044432946802647366
 0.041118499120297844
 0.038462647439304352
 0.036333133554160825
 0.034624260911329661
 0.033251560182945207
 0.032147526163341288
 0.031258210832632673
 0.03054050064171835
 0.029959940605236768
 0.029488995386007914
 0.029105659609143603
 0.028792347269377502
 0.0285350041808012
 0.028322398674981875
 0.028145554749505357
 0.027997299058358977
 0.027871898881084142
 0.027764772799262073
 0.027672259478382678
 0.02759143288568382
 0.027519954618137769
 0.027455955887684975
 0.027397943207594037
 0.027344723020006918
 0.027295341460675165
 0.027249036220856979
 0.027205198076879801
 0.027163340145792671
 0.027123073315463611
 0.02708408660909652
 0.027046131493178825
 0.027009009336893569
 0.02697256139008098
 0.026936660773944909
 0.026901206080280828
 0.026866116256182425
 0.02683132651606264
 0.026796785074670773
 0.026762450536224006
 0.026728289807884567
 0.026694276432277064
 0.026660389254889536
 0.026626611359102839
 0.026592929215099918
 0.026559331999701466
 0.026525811052799976
 0.026492359442959364
 0.026458971620255838
 0.026425643138839484
 0.026392370435214214
 0.026359150651046343
 0.026325981491558584
 0.026292861112363147
 0.026259788029022464
 0.026226761044772659
 0.02619377919276291
 0.026160841689894399
 0.02612794789993033
 0.026095097304014443
 0.026062289477110218
 0.0260295240691721
 0.025996800790097828
 0.025964119397702844
 0.025931479688110222
 0.025898881488069909
 0.025866324648820979
 0.025833809041186487
 0.025801334551653156
 0.025768901079238644
 0.025736508532987784
 0.025704156829971687
 0.025671845893688733
 0.025639575652786635
 0.025607346040040987
 0.025575156991539331
 0.025543008446028581
 0.025510900344393787
 0.025478832629241627
 0.025446805244567258
 0.025414818135488348
 0.025382871248032179
 0.025350964528965868
 0.02531909792566038
 0.025287271385981976
 0.025255484858205342
 0.025223738290944327
 0.025192031633096308
 0.025160364833797987
 0.02512873784238991
 0.025097150608388064
 0.025065603081461225
 0.025034095211412869
 0.025002626948166577
 0.02497119824175455
 0.024939809042308168
 0.024908459300050673
 0.024877148965291116
 0.024845877988419602
 0.024814646319903533
 0.02478345391028439
 0.024752300710175298
 0.024721186670259108
 0.024690111741286689
 0.024659075874075693
 0.024628079019509426
 0.024597121128536098
 0.024566202152167954
 0.024535322041480862
 0.024504480747613779
 0.024473678221768241
 0.024442914415208322
 0.024412189279259949
 0.024381502765311026
 0.02435085482481102
 0.024320245409270833
 0.024289674470262691
 0.024259141959419896
 0.024228647828436856
 0.024198192029068734
 0.024167774513131596
 0.024137395232502069
 0.024107054139117446
 0.024076751184975514
 0.024046486322134342
 0.024016259502712401
 0.023986070678888409
 0.023955919802901158
 0.023925806827049468
 0.023895731703692236
 0.023865694385248208
 0.023835694824195952
 0.023805732973073805
 0.023775808784479699
 0.023745922211071236
 0.02371607320556552
 0.023686261720739066
 0.023656487709427743
 0.023626751124526786
 0.023597051918990558
 0.023567390045832585
 0.023537765458125456
 0.023508178109000778
 0.023478627951649018
 0.023449114939319577
 0.023419639025320522
 0.02339020016301863
 0.023360798305839404
 0.023331433407266733
 0.023302105420843065
 0.023272814300169288
 0.023243559998904512
 0.023214342470766154
 0.023185161669529816
 0.023156017549029188
 0.023126910063155971
 0.023097839165859908
 0.023068804811148522
 0.023039806953087216
 0.023010845545799095
 0.022981920543464977
 0.022953031900323221
 0.022924179570669778
 0.022895363508857965
 0.022866583669298585
 0.022837840006459609
 0.022809132474866396
 0.022780461029101307
 0.022751825623803956
 0.022723226213670848
 0.022694662753455486
 0.022666135197968246
 0.022637643502076352
 0.02260918762070362
 0.022580767508830729
 0.02255238312149483
 0.022524034413789543
 0.02249572134086502
 0.022467443857927833
 0.022439201920240695
 0.022410995483122757
 0.022382824501949145
 0.022354688932151201
 0.022326588729216314
 0.022298523848687669
 0.022270494246164507


# name: X
# type: matrix
# rows: 3
# columns: 2
 1 2
 1 3
 1 4


# name: alpha
# type: scalar
0.01


# name: num_iters
# type: scalar
200


# name: theta
# type: matrix
# rows: 2
# columns: 1
 -0.19658796718592203
 0.74903297896744425


# name: y
# type: matrix
# rows: 3
# columns: 1
 1
 2
 3


