# Created by Octave 4.4.0, Fri Jun 08 23:08:40 2018 GMT <unknown@LAPTOP-7UN1LJ1P>
# name: J_history
# type: matrix
# rows: 1500
# columns: 1
 6.7371904648700118
 5.9315935686049572
 5.9011547070813872
 5.8952285864442198
 5.8900949431173331
 5.8850041584436461
 5.8799324804914157
 5.8748790947625746
 5.8698439118063845
 5.8648268653129296
 5.8598278899321805
 5.8548469205722897
 5.8498838923765852
 5.8449387407220348
 5.8400114012183648
 5.8351018097072282
 5.8302099022613891
 5.8253356151838656
 5.8204788850070992
 5.8156396484921515
 5.8108178426278689
 5.8060134046300416
 5.8012262719406271
 5.7964563822268982
 5.7917036733806517
 5.7869680835173973
 5.7822495509755392
 5.7775480143155971
 5.7728634123193805
 5.7681956839892123
 5.7635447685471197
 5.758910605434048
 5.7542931343090773
 5.7496922950486296
 5.7451080277456859
 5.7405402727090138
 5.7359889704623841
 5.7314540617437935
 5.7269354875047025
 5.7224331889092586
 5.7179471073335266
 5.7134771843647476
 5.709023361800547
 5.7045855816481978
 5.7001637861238512
 5.6957579176518154
 5.6913679188637509
 5.6869937325979825
 5.6826353018987046
 5.6782925700152926
 5.6739654804015052
 5.6696539767147955
 5.6653580028155517
 5.6610775027663829
 5.6568124208313577
 5.6525627014753335
 5.6483282893631834
 5.6441091293590935
 5.6399051665258559
 5.6357163461241342
 5.6315426136117726
 5.6273839146430529
 5.6232401950680257
 5.6191114009317795
 5.6149974784737404
 5.6108983741269842
 5.6068140345175301
 5.6027444064636525
 5.5986894369751594
 5.5946490732527581
 5.5906232626873233
 5.5866119528592169
 5.5826150915376207
 5.5786326266798518
 5.5746645064306772
 5.5707106791216443
 5.566771093270404
 5.5628456975800473
 5.5589344409384429
 5.5550372724175414
 5.5511541412727547
 5.5472849969422562
 5.5434297890463489
 5.5395884673868077
 5.5357609819462033
 5.5319472828872733
 5.5281473205522706
 5.5243610454623067
 5.5205884083167129
 5.5168293599924008
 5.5130838515432226
 5.5093518341993342
 5.5056332593665385
 5.5019280786256992
 5.4982362437320624
 5.4945577066146649
 5.4908924193756778
 5.4872403342898073
 5.483601403803652
 5.4799755805351111
 5.476362817272741
 5.4727630669751521
 5.4691762827703982
 5.465602417955358
 5.462041425995138
 5.4584932605224585
 5.4549578753370467
 5.4514352244050537
 5.4479252618584253
 5.4444279419943342
 5.4409432192745681
 5.4374710483249311
 5.4340113839346866
 5.4305641810559209
 5.4271293948029875
 5.4237069804519171
 5.4202968934398372
 5.4168990893643807
 5.4135135239831227
 5.4101401532129856
 5.4067789331296945
 5.4034298199671653
 5.4000927701169745
 5.3967677401277685
 5.3934546867046977
 5.3901535667088636
 5.386864337156748
 5.3835869552196618
 5.3803213782231767
 5.377067563646583
 5.3738254691223153
 5.3705950524354282
 5.3673762715230238
 5.3641690844737102
 5.3609734495270676
 5.3577893250730826
 5.3546166696516329
 5.3514554419519129
 5.3483056008119432
 5.345167105217981
 5.3420399143040296
 5.3389239873512837
 5.3358192837876031
 5.3327257631869864
 5.3296433852690548
 5.3265721098984988
 5.3235118970845887
 5.3204627069806287
 5.3174244998834617
 5.3143972362329244
 5.3113808766113566
 5.3083753817430717
 5.3053807124938617
 5.3023968298704647
 5.2994236950200815
 5.2964612692298498
 5.2935095139263604
 5.2905683906751264
 5.2876378611801194
 5.2847178872832297
 5.281808430963812
 5.2789094543381516
 5.2760209196590013
 5.2731427893150711
 5.2702750258305446
 5.2674175918645911
 5.264570450210889
 5.2617335637971081
 5.2589068956844836
 5.2560904090672738
 5.2532840672723236
 5.2504878337585641
 5.2477016721165537
 5.2449255460679964
 5.2421594194652528
 5.2394032562909025
 5.2366570206572494
 5.2339206768058686
 5.2311941891071276
 5.2284775220597366
 5.2257706402902668
 5.2230735085527273
 5.2203860917280549
 5.2177083548236967
 5.2150402629731367
 5.2123817814354494
 5.2097328755948427
 5.207093510960207
 5.2044636531646749
 5.201843267965149
 5.1992323212418956
 5.1966307789980632
 5.1940386073592606
 5.1914557725731099
 5.1888822410088018
 5.1863179791566765
 5.1837629536277587
 5.1812171311533488
 5.1786804785845764
 5.176152962891968
 5.1736345511650237
 5.1711252106117804
 5.1686249085584048
 5.1661336124487311
 5.1636512898438758
 5.1611779084217879
 5.1587134359768516
 5.1562578404194319
 5.1538110897755054
 5.1513731521861974
 5.1489439959073939
 5.1465235893093233
 5.1441119008761413
 5.141708899205514
 5.1393145530082354
 5.1369288311077792
 5.1345517024399303
 5.1321831360523635
 5.129823101104237
 5.1274715668657951
 5.1251285027179829
 5.1227938781520095
 5.1204676627689931
 5.1181498262795433
 5.1158403385033688
 5.1135391693688836
 5.1112462889128256
 5.108961667279849
 5.1066852747221523
 5.1044170815990757
 5.1021570583767346
 5.0999051756276188
 5.0976614040302088
 5.0954257143686101
 5.0931980775321506
 5.0909784645150227
 5.0887668464158882
 5.0865631944375194
 5.0843674798863985
 5.0821796741723846
 5.079999748808298
 5.0778276754095693
 5.0756634256938717
 5.0735069714807564
 5.0713582846912661
 5.0692173373475988
 5.0670841015727026
 5.0649585495899698
 5.0628406537228088
 5.0607303863943445
 5.05862772012701
 5.0565326275422322
 5.0544450813600337
 5.0523650543987193
 5.0502925195744792
 5.0482274499010744
 5.0461698184894574
 5.0441195985474421
 5.0420767633793409
 5.0400412863856259
 5.0380131410625761
 5.0359923010019392
 5.0339787398905766
 5.0319724315101437
 5.0299733497367072
 5.0279814685404585
 5.0259967619853221
 5.0240192042286695
 5.0220487695209277
 5.0200854322052963
 5.018129166717368
 5.0161799475848357
 5.0142377494271306
 5.0123025469551052
 5.0103743149707061
 5.0084530283666391
 5.0065386621260464
 5.0046311913221766
 5.0027305911180591
 5.0008368367661999
 4.9989499036082261
 4.9970697670745947
 4.9951964026842548
 4.9933297860443409
 4.9914698928498469
 4.9896166988833022
 4.9877701800144809
 4.985930312200062
 4.9840970714833333
 4.9822704339938717
 4.9804503759472345
 4.9786368736446498
 4.976829903472697
 4.9750294419030308
 4.9732354654920341
 4.9714479508805409
 4.9696668747935204
 4.9678922140397841
 4.9661239455116668
 4.9643620461847453
 4.9626064931175193
 4.9608572634511328
 4.9591143344090529
 4.9573776832968051
 4.9556472875016402
 4.9539231244922686
 4.9522051718185605
 4.9504934071112379
 4.9487878080816081
 4.9470883525212557
 4.9453950183017579
 4.943707783374399
 4.9420266257698744
 4.9403515235980304
 4.9386824550475366
 4.9370193983856439
 4.9353623319578697
 4.9337112341877418
 4.9320660835765002
 4.9304268587028162
 4.928793538222533
 4.927166100868364
 4.925544525449622
 4.9239287908519618
 4.9223188760370817
 4.9207147600424497
 4.9191164219810695
 4.9175238410411408
 4.9159369964858515
 4.9143558676530752
 4.9127804339551124
 4.9112106748784097
 4.9096465699833143
 4.9080880989037867
 4.9065352413471492
 4.9049879770938132
 4.9034462859970329
 4.9019101479826093
 4.9003795430486683
 4.8988544512653673
 4.8973348527746561
 4.8958207277900145
 4.8943120565961902
 4.8928088195489456
 4.8913109970747897
 4.8898185696707479
 4.8883315179040894
 4.8868498224120813
 4.8853734639017237
 4.8839024231495207
 4.8824366810012219
 4.8809762183715488
 4.8795210162439879
 4.8780710556705102
 4.8766263177713407
 4.8751867837347103
 4.8737524348166099
 4.8723232523405358
 4.8708992176972616
 4.8694803123445931
 4.8680665178071214
 4.8666578156759872
 4.8652541876086319
 4.8638556153285721
 4.8624620806251579
 4.8610735653533244
 4.8596900514333718
 4.8583115208507159
 4.8569379556556651
 4.8555693379631792
 4.8542056499526396
 4.8528468738676169
 4.851492992015638
 4.8501439867679608
 4.8487998405593355
